 dataFileVersion =   5
numFileSegments =   1
minCoordinates = [
  -2000.0
  -2000.0
  -2000.0
  ]
maxCoordinates = [
  2000.0
  2000.0
  2000.0
  ]
nodeCount = 6
dataDecompType =   2
dataDecompGeometry = [
  1
  1
  1
  ]
 domainDecomposition =
# Dom_ID  Minimum XYZ bounds   Maximum XYZ bounds
  0  -2000.0  -2000.0  -2000.0  2000.0  2000.0  2000.0
 nodalData = 
# Primary lines: node_tag, x, y, z, num_arms, constraint 
# Secondary lines: arm_tag, burgx, burgy, burgz, nx, ny, nz
0,0 -2000.0 0.0 0.0 2 0
  0,5 0.5000000 0.8660254 0.0000000
  	  0.0000000 0.0000000 1.0000000
  0,1 -0.5000000 -0.8660254 -0.0000000
  	  0.0000000 0.0000000 1.0000000
0,1 -1333.33333333 0.0 0.0 2 0
  0,0 0.5000000 0.8660254 0.0000000
  	  0.0000000 0.0000000 1.0000000
  0,2 -0.5000000 -0.8660254 -0.0000000
  	  0.0000000 0.0000000 1.0000000
0,2 -666.666666667 0.0 0.0 2 0
  0,1 0.5000000 0.8660254 0.0000000
  	  0.0000000 0.0000000 1.0000000
  0,3 -0.5000000 -0.8660254 -0.0000000
  	  0.0000000 0.0000000 1.0000000
0,3 0.0 0.0 0.0 2 0
  0,2 0.5000000 0.8660254 0.0000000
  	  0.0000000 0.0000000 1.0000000
  0,4 -0.5000000 -0.8660254 -0.0000000
  	  0.0000000 0.0000000 1.0000000
0,4 666.666666667 0.0 0.0 2 0
  0,3 0.5000000 0.8660254 0.0000000
  	  0.0000000 0.0000000 1.0000000
  0,5 -0.5000000 -0.8660254 -0.0000000
  	  0.0000000 0.0000000 1.0000000
0,5 1333.33333333 0.0 0.0 2 0
  0,4 0.5000000 0.8660254 0.0000000
  	  0.0000000 0.0000000 1.0000000
  0,0 -0.5000000 -0.8660254 -0.0000000
  	  0.0000000 0.0000000 1.0000000
